6
7
10
14
107
110
111
119
120
121
123
124
125
126
127
128
129
132
133
136
154
155
157
158
161
162
170
172
173
176
178
180
181
183
184
186
190
201
202
209
210
217
220
222
226
229
232
238
239
247
249
254
261
277
292
298
300
301
305
306
308
309
310
311
312
313
314
315
316
317
318
320
321
322
323
324
325
326
327
328
329
330
331
332
334
335
337
338
339
340
341
342
344
345
348
349
350
351
352
353
354
355
356
358
360
361
362
363
364
365
366
367
368
369
370
371
373
374
375
376
378
379
380
381
382
383
384
385
386
388
389
390
391
392
393
394
395
396
397
398
399
401
402
404
405
409
410
413
415
416
420
421
422
423
425
426
432
433
434
435
438
439
440
441
442
443
444
445
448
455
456
457
458
459
460
461
462
463
464
465
472
473
474
475
476
481
483
484
485
497
498
501
502
503
504
505
507
511
512
513
523
524
525
550
555
556
557
569
570
580
583
584
600
601
602
603
604
605
606
607
608
609
610
611
613
614
615
616
621
622
623
624
625
626
627
629
630
634
635
636
638
639
650
651
652
653
661
662
663
667
669
673
676
678
679
680
684
685
686
687
688
689
690
691
692
693
696
700
701
709
711
712
721
723
725
727
730
731
732
734
736
737
738
739
740
741
742
743
744
745
746
747
748
749
750
751
752
753
756
757
758
759
760
761
762
763
764
765
766
767
769
770
771
773
774
775
777
778
779
780
781
782
783
784
786
790
793
794
795
798
800
801
802
803
804
805
806
807
808
811
812
813
814
815
816
817
818
819
820
821
822
823
824
825
826
827
828
829
830
831
832
833
834
835
836
837
838
839
840
841
842
843
844
845
846
847
848
849
850
851
852
856
857
858
859
860
861
862
863
864
865
866
867
868
869
870
871
872
873
875
876
880
881
884
886
887
888
889
891
892
893
894
895
898
901
905
906
908
910
911
913
914
915
917
918
919
920
922
923
924
925
926
928
933
934
935
936
940
942
944
945
946
947
950
951
952
956
957
958
2014
2015
2017
2018
2101
2111
2112
2114
2115
2145
2203
2251
2295
2302
2303
2305
2307
2308
2309
2310
2329
2331
2332
2333
2334
2335
2336
2337
2338
2342
2343
2344
2345
2381
2801
2802
2918
